Some((
    red: 0.79607844,
    green: 0.90588236,
    blue: 0.98039216,
))