Some((
    red: 0.045787156,
    green: 0.045787156,
    blue: 0.045787156,
    alpha: 1.0,
))