Some((
    red: 0.7529412,
    green: 0.7529412,
    blue: 0.7529412,
    alpha: 1.0,
))